0
0.259
0.2590
0.46
0.48
0.49
0.5096
0.57
000
01.03
01.08
020
0200
09
09.05
09.07
1
1,2000
1,269
1,339
1,559
1,939
1.01
1.119
1.42
1.929
10
10.2034
100
100.5900
100.6700
1029
103.7200
105.862
107
124
128883231
13.12
132544344
134735316
134736192
135116008
135337661
136429245
138689613
141
16,6901
1640
17.10
18
18,06
18.06
197
2
2.089
2.1000
2.2000
2.249
2.43
2.68
20
200
2021
2024
2025
2026
2034
212
218
23902
27,02
27.02
271
28,02
28.02
29
29.05
29.10
29.5
3.34
3.51
30,09
30.09
34
3490
366223
370
37954
4.
4.00
4.86
41
440
44218
450
474
48
5.08
5.51
5.6
5.65
5.68
5.76
50
548
554
560
6
6027
667
7
758
850
89
9.9996
90
916
93
955
96
96.8496
97.5160
98
98.7771
99.9500